0 0.377941 0.613215 0.053492 0.082958
0 0.596836 0.461715 0.029000 0.034625
0 0.238824 0.533833 0.035164 0.044417
0 0.555813 0.465764 0.052750 0.049583
0 0.635223 0.557438 0.058961 0.051931
0 0.772852 0.652861 0.078312 0.090583
0 0.814422 0.519597 0.059906 0.057917
0 0.768801 0.568944 0.067367 0.067306
0 0.608117 0.889674 0.110719 0.182292
0 0.275813 0.707993 0.062688 0.101264
0 0.271941 0.832722 0.080508 0.161889
0 0.396766 0.447451 0.033219 0.031236
0 0.307090 0.470257 0.036008 0.038319
0 0.273660 0.487674 0.032820 0.035708
0 0.477484 0.612736 0.061781 0.086139
0 0.686523 0.742688 0.090188 0.116347
0 0.497332 0.481389 0.042758 0.038750
0 0.462691 0.949444 0.114289 0.095083
0 0.326355 0.416861 0.034852 0.035861
0 0.762918 0.409319 0.037430 0.050444
0 0.965617 0.707667 0.064375 0.065278
