0 0.682031 0.497563 0.052500 0.052875
0 0.424316 0.562965 0.052336 0.073236
0 0.567648 0.522090 0.055547 0.044181
0 0.801863 0.506889 0.065805 0.047667
0 0.565926 0.476868 0.051898 0.047097
0 0.778430 0.655236 0.084578 0.071583
0 0.259238 0.550264 0.041852 0.080056
0 0.624125 0.867153 0.120375 0.178028
0 0.468352 0.967854 0.104188 0.055736
0 0.261082 0.946278 0.093664 0.107444
0 0.373570 0.513319 0.043359 0.053778
0 0.275707 0.491569 0.039055 0.038889
0 0.319820 0.479653 0.037406 0.036806
0 0.332496 0.536979 0.043039 0.062375
0 0.301055 0.650069 0.051656 0.093056
0 0.821996 0.559021 0.068773 0.055764
0 0.709703 0.551840 0.060687 0.062014
0 0.955594 0.604542 0.060469 0.071000
