0 0.778332 0.642958 0.087617 0.117111
0 0.476270 0.632667 0.059898 0.081889
0 0.700043 0.537701 0.057023 0.058625
0 0.285625 0.625569 0.053938 0.103528
0 0.616543 0.497646 0.051570 0.059653
0 0.262273 0.898542 0.121719 0.191667
0 0.552844 0.472118 0.052297 0.055625
0 0.292566 0.503799 0.040148 0.049764
0 0.623305 0.679708 0.078016 0.101861
0 0.990824 0.642319 0.018023 0.057972
0 0.461980 0.522208 0.052227 0.061556
0 0.544355 0.585611 0.057602 0.076944
0 0.661758 0.472014 0.046953 0.037444
0 0.328539 0.540958 0.042922 0.059972
0 0.231172 0.468521 0.033906 0.032875
0 0.438078 0.582187 0.048578 0.062819
0 0.842543 0.615944 0.072773 0.069472
0 0.736105 0.517306 0.052773 0.050639
0 0.274484 0.462472 0.035859 0.035306
0 0.324141 0.447111 0.039719 0.047694
0 0.515664 0.433583 0.045141 0.035306
0 0.464465 0.454681 0.034570 0.035306
0 0.380203 0.512396 0.046266 0.061014
