0 0.383977 0.482806 0.040094 0.042778
0 0.969855 0.718326 0.060289 0.099375
0 0.459414 0.467375 0.037422 0.043306
0 0.323055 0.524465 0.048141 0.073653
0 0.430238 0.948514 0.125086 0.102972
0 0.352063 0.438153 0.024984 0.019639
0 0.484008 0.456319 0.033984 0.029306
0 0.245195 0.468882 0.037844 0.045958
0 0.502848 0.649896 0.069930 0.107847
0 0.396699 0.429840 0.020930 0.020986
0 0.825617 0.553174 0.072453 0.071042
0 0.765852 0.602361 0.068687 0.075500
0 0.559059 0.775174 0.082117 0.124764
0 0.835090 0.689382 0.090305 0.084542
0 0.555629 0.460847 0.035242 0.038972
0 0.282715 0.652715 0.056102 0.099875
0 0.261387 0.545868 0.043992 0.059403
0 0.315598 0.480743 0.039633 0.040681
0 0.635930 0.480917 0.041250 0.047556
0 0.614707 0.506139 0.047148 0.052167
