0 0.330051 0.547396 0.041570 0.055986
0 0.811191 0.676153 0.085023 0.082917
0 0.682719 0.721694 0.086203 0.128083
0 0.522504 0.693181 0.066523 0.116250
0 0.676910 0.580743 0.062211 0.066819
0 0.929129 0.608486 0.083602 0.075306
0 0.397578 0.657521 0.069687 0.137236
0 0.596523 0.529813 0.038641 0.048931
0 0.610254 0.474090 0.050336 0.051625
0 0.447281 0.573403 0.053781 0.065833
0 0.936516 0.692208 0.085641 0.076556
0 0.282738 0.782111 0.078508 0.169556
0 0.840418 0.959729 0.047195 0.068264
0 0.663152 0.476292 0.043758 0.030861
0 0.979398 0.580125 0.041125 0.071694
0 0.676047 0.966375 0.107750 0.067250
0 0.546387 0.587549 0.067148 0.102347
0 0.285332 0.631660 0.045352 0.069986
0 0.276512 0.589653 0.043461 0.050972
0 0.236672 0.521354 0.036219 0.048708
0 0.498379 0.482167 0.043773 0.047583
0 0.536016 0.438493 0.036531 0.030792
0 0.443582 0.467618 0.038102 0.033014
0 0.471293 0.428979 0.043773 0.045347
0 0.340602 0.490007 0.040625 0.062153
0 0.390816 0.443597 0.032227 0.037639
