0 0.870359 0.935347 0.147953 0.129306
0 0.661613 0.968868 0.109367 0.062264
0 0.531375 0.585931 0.051781 0.065750
0 0.542543 0.458674 0.046430 0.044486
0 0.647793 0.567625 0.056461 0.048028
0 0.628984 0.511014 0.050938 0.048528
0 0.331840 0.483174 0.039195 0.042542
0 0.379613 0.479299 0.037836 0.036819
0 0.374984 0.517042 0.043281 0.049306
0 0.467348 0.446340 0.040352 0.035181
0 0.419375 0.431528 0.038125 0.036667
0 0.257371 0.480417 0.035711 0.044694
0 0.369398 0.587653 0.046719 0.076750
0 0.443539 0.502944 0.049437 0.066778
0 0.401004 0.677424 0.060992 0.114903
0 0.657918 0.699174 0.088586 0.113542
0 0.544996 0.502125 0.044727 0.050056
0 0.308668 0.521285 0.039961 0.057486
0 0.920125 0.651618 0.100234 0.102764
0 0.766156 0.642278 0.077375 0.085111
0 0.498109 0.628722 0.066484 0.102194
0 0.597602 0.826569 0.094047 0.139778
