0 0.626020 0.499549 0.052102 0.053181
0 0.722699 0.548438 0.064523 0.070153
0 0.595125 0.528715 0.048922 0.060597
0 0.839027 0.618604 0.091758 0.080875
0 0.499820 0.556868 0.065250 0.073042
0 0.532348 0.674667 0.070008 0.105194
0 0.491508 0.462472 0.038531 0.040222
0 0.447813 0.457743 0.046500 0.048264
0 0.440617 0.581764 0.052109 0.067083
0 0.341379 0.543014 0.043070 0.067778
0 0.247277 0.519826 0.040383 0.078819
0 0.834711 0.557847 0.081922 0.064750
0 0.514938 0.441993 0.047625 0.045153
0 0.325988 0.420639 0.029758 0.027194
0 0.243324 0.432125 0.036211 0.028389
0 0.253445 0.459257 0.031469 0.030347
0 0.353164 0.468014 0.045859 0.061028
