0 0.396125 0.691528 0.059344 0.093444
0 0.289469 0.501903 0.037484 0.041806
0 0.267316 0.539250 0.040164 0.069194
0 0.620637 0.550562 0.052273 0.055542
0 0.663207 0.493118 0.047789 0.031181
0 0.428473 0.502611 0.043836 0.047472
0 0.732746 0.626646 0.072195 0.070708
0 0.775687 0.541111 0.051844 0.039167
0 0.454547 0.957674 0.118000 0.084653
0 0.744250 0.559569 0.057250 0.054778
0 0.866848 0.720812 0.096039 0.097514
0 0.654215 0.521500 0.050773 0.037722
0 0.368344 0.511972 0.045063 0.052250
0 0.502387 0.554028 0.049195 0.056472
0 0.560852 0.510090 0.048672 0.048569
0 0.240484 0.466326 0.041906 0.049708
0 0.227262 0.470313 0.069102 0.060264
