0 0.333816 0.486021 0.042555 0.046042
0 0.322051 0.417250 0.041477 0.034167
0 0.251699 0.551090 0.041086 0.049458
0 0.328020 0.541375 0.038570 0.062972
0 0.910941 0.455208 0.043602 0.054306
0 0.508844 0.566375 0.054641 0.063167
0 0.292254 0.506646 0.039008 0.062097
0 0.920973 0.551236 0.069508 0.041417
0 0.301063 0.596229 0.042797 0.074347
0 0.544289 0.733528 0.073797 0.110306
0 0.748547 0.577972 0.070609 0.064361
0 0.737738 0.492535 0.051555 0.051847
0 0.293238 0.778486 0.072430 0.150000
0 0.913605 0.594514 0.082945 0.059028
0 0.434492 0.571910 0.025906 0.055958
0 0.371602 0.475097 0.036734 0.037444
0 0.733375 0.801188 0.111047 0.169903
0 0.430984 0.511410 0.045906 0.061792
