0 0.409402 0.675194 0.059086 0.113833
0 0.521508 0.653722 0.071312 0.110250
0 0.850840 0.694007 0.089523 0.083181
0 0.340656 0.542938 0.051359 0.061986
0 0.284801 0.690958 0.060633 0.132806
0 0.877773 0.645674 0.082687 0.071264
0 0.267227 0.587076 0.047422 0.076542
0 0.246949 0.915243 0.098727 0.169514
0 0.675812 0.959833 0.120641 0.080333
0 0.595254 0.467389 0.035898 0.031917
0 0.493965 0.554688 0.049273 0.058097
0 0.422500 0.547319 0.054641 0.058972
0 0.236207 0.522264 0.035758 0.051861
0 0.263734 0.485257 0.036234 0.040569
0 0.229141 0.451799 0.037188 0.033875
0 0.362074 0.436389 0.032258 0.032778
0 0.315199 0.423132 0.027117 0.025431
0 0.372141 0.408340 0.030375 0.024847
0 0.576258 0.483083 0.050875 0.052889
0 0.774734 0.870417 0.118641 0.148306
0 0.456187 0.604014 0.051344 0.077194
0 0.715336 0.513646 0.055375 0.059792
0 0.700340 0.598917 0.066695 0.071306
